Lon,Lat,C_K_L_ESM,B_K_L_ESM,U_K_L_ESM
-10,52,0.034753692,0.302724369,0.662521939
-10,53,0.034243504,0.3103685,0.655387996
-10,54,0.033628555,0.319878359,0.646493086
-10,55,0.038670921,0.33785548,0.623473599
-9,52,0.032689546,0.296451534,0.67085892
-9,53,0.031576293,0.307060154,0.661363553
-9,54,0.032510333,0.320372239,0.647117428
-9,55,0.035368944,0.333185407,0.631445649
-8,53,0.029798383,0.309875142,0.660326475
-8,54,0.031970357,0.325002441,0.643027202
-8,55,0.033124002,0.335684937,0.631191061
-8,56,0.035390376,0.324006942,0.640602683
-7,53,0.027814837,0.307624185,0.664560979
-7,54,0.028076191,0.316850724,0.655073085
-7,55,0.029997044,0.330412677,0.63959028
-7,56,0.03245132,0.31927453,0.64827415
-7,58,0.037574312,0.267084667,0.695341021
-7,59,0.039485874,0.243124244,0.717389882
-6,51,0.02629791,0.275950143,0.697751948
-6,55,0.029272649,0.327988559,0.642738792
-6,56,0.034030438,0.30914618,0.656823382
-6,57,0.038306598,0.28537616,0.676317243
-6,58,0.038201569,0.266820548,0.694977883
-6,59,0.038804893,0.242247232,0.718947876
-5,49,0.032741262,0.260942937,0.706315801
-5,51,0.027894354,0.27627134,0.695834306
-5,52,0.026393049,0.291163491,0.68244346
-5,53,0.028251693,0.32084945,0.650898857
-5,54,0.029034289,0.335301067,0.635664644
-5,55,0.027935761,0.309960728,0.662103511
-5,56,0.037034467,0.305100345,0.657865188
-5,57,0.14667693,0.343723755,0.509599315
-5,58,0.038941504,0.261926142,0.699132355
-5,59,0.038212384,0.238823278,0.722964338
-4,48,0.041416095,0.255418524,0.703165381
-4,49,0.033580262,0.258123426,0.708296312
-4,51,0.030052363,0.272011847,0.69793579
-4,52,0.030440308,0.286221851,0.683337842
-4,53,0.028396401,0.317854754,0.653748845
-4,54,0.029880567,0.337846162,0.632273271
-4,55,0.036858434,0.346277474,0.616864092
-4,56,0.035524741,0.312309797,0.652165461
-4,57,0.038563196,0.291784856,0.669651949
-4,58,0.037413688,0.270448956,0.692137356
-4,59,0.039874502,0.246177094,0.713948404
-3,48,0.047729646,0.265567036,0.686703318
-3,49,0.036562905,0.262635717,0.700801378
-3,51,0.029814041,0.28126594,0.68892002
-3,52,0.027961569,0.295129747,0.676908684
-3,53,0.028585793,0.318031205,0.653383002
-3,54,0.033651061,0.33912235,0.62722659
-3,55,0.036117145,0.354146992,0.609735863
-3,56,0.031844203,0.329093724,0.639062074
-3,57,0.034340874,0.306018055,0.659641071
-3,58,0.035344471,0.279170769,0.68548476
-2,45,0.087940868,0.281205887,0.630853245
-2,47,0.07262705,0.282437413,0.644935538
-2,48,0.056790378,0.27502857,0.668181053
-2,49,0.041836919,0.272827008,0.685336074
-2,50,0.034463339,0.28151305,0.684023611
-2,51,0.032976911,0.30005986,0.666963229
-2,52,0.02967663,0.311741843,0.658581527
-2,53,0.030146429,0.329174514,0.640679058
-2,54,0.031931347,0.349993748,0.618074905
-2,55,0.031766456,0.356660502,0.611573042
-2,56,0.034870401,0.353628189,0.61150141
-1,45,0.127380392,0.301897497,0.570722111
-1,46,0.106088232,0.287907598,0.60600417
-1,47,0.086557197,0.286631288,0.626811515
-1,48,0.068011635,0.277858564,0.654129801
-1,49,0.048101085,0.28001586,0.671883056
-1,50,0.036985499,0.285580449,0.677434052
-1,51,0.034242709,0.308060897,0.657696394
-1,52,0.031086776,0.330113014,0.63880021
-1,53,0.029453695,0.348835114,0.621711192
-1,54,0.028858341,0.35863178,0.612509879
-1,55,0.030305772,0.358870025,0.610824203
0,45,0.165145596,0.300870345,0.533984058
0,46,0.14142032,0.300376424,0.558203256
0,47,0.106032961,0.295933067,0.598033972
0,48,0.080063804,0.286780843,0.633155353
0,49,0.056832244,0.288047815,0.655119942
0,50,0.04055147,0.295902871,0.66354566
0,51,0.035595513,0.321662707,0.64274178
0,52,0.03227356,0.351599195,0.616127246
0,53,0.031283281,0.386353614,0.582363106
0,54,0.028966272,0.378824432,0.592209296
1,45,0.234739465,0.300994041,0.464266493
1,46,0.244862574,0.313322189,0.441815237
1,47,0.141260383,0.316819987,0.54191963
1,48,0.093381631,0.304208974,0.602409395
1,49,0.065743556,0.29568896,0.638567484
1,50,0.044741792,0.309014691,0.646243518
1,51,0.036175529,0.33319381,0.630630661
1,52,0.03261914,0.363495881,0.60388498
1,53,0.031230032,0.388900182,0.579869787
2,45,0.560440453,0.228777342,0.210782205
2,46,0.446212522,0.286243267,0.267544212
2,47,0.264565099,0.336421077,0.399013825
2,48,0.101833324,0.333137342,0.565029334
2,49,0.067621758,0.319039248,0.613338994
2,50,0.049474992,0.333592542,0.616932466
2,51,0.047946094,0.36581785,0.586236056
3,45,0.556537524,0.239940519,0.203521957
3,46,0.430410156,0.306745912,0.262843932
3,47,0.30617049,0.353318568,0.340510943
3,48,0.190747329,0.381773014,0.427479657
3,49,0.114482037,0.385456389,0.500061574
3,50,0.098093881,0.40645635,0.495449769
3,51,0.071400741,0.409878125,0.518721134
3,52,0.03437989,0.381465069,0.584155041
4,45,0.388054983,0.317080473,0.294864544
4,46,0.421516536,0.325071046,0.253412418
4,47,0.332610536,0.363246273,0.304143191
4,48,0.2279656,0.412441243,0.359593157
4,49,0.17014831,0.43097102,0.39888067
4,50,0.139957026,0.449560935,0.41048204
4,51,0.069293539,0.430077388,0.500629073
4,52,0.047382799,0.424751105,0.527866096
4,53,0.047488432,0.424923036,0.527588532
5,45,0.669831419,0.209870536,0.120298045
5,46,0.394336985,0.336737099,0.268925916
5,47,0.460688175,0.32800181,0.211310016
5,48,0.244460141,0.41510334,0.340436519
5,49,0.202122015,0.44101687,0.356861116
5,50,0.147989457,0.466801287,0.385209256
5,51,0.079898388,0.471937668,0.448163944
5,52,0.058950058,0.465914335,0.475135608
5,53,0.057900033,0.455349466,0.486750501
5,54,0.044523853,0.416345241,0.539130906
5,59,0.035230825,0.338667864,0.626101311
5,60,0.021199691,0.279924948,0.698875361
5,61,0.112294497,0.350145817,0.537559686
5,62,0.107289915,0.349393409,0.543316676
5,63,0.108087537,0.328995162,0.562917301
6,45,0.823997088,0.113541961,0.062460951
6,46,0.738759923,0.173355438,0.087884639
6,47,0.589425045,0.262442493,0.148132462
6,48,0.437809354,0.355855569,0.206335077
6,49,0.222584696,0.450962484,0.32645282
6,50,0.148980139,0.483806838,0.367213023
6,51,0.093976927,0.517997816,0.388025258
6,52,0.058617778,0.48383284,0.457549382
6,53,0.064716794,0.481385597,0.453897609
6,54,0.053742732,0.440706025,0.505551244
6,59,0.183528002,0.391363736,0.425108262
6,60,0.215723164,0.37387816,0.410398676
6,61,0.233403783,0.353067662,0.413528555
6,62,0.198546377,0.35378096,0.447672664
6,63,0.199889832,0.352552703,0.447557466
7,45,0.518663702,0.251635538,0.22970076
7,46,0.764267927,0.14823545,0.087496624
7,47,0.60529993,0.253049714,0.141650356
7,48,0.283775601,0.410899789,0.30532461
7,49,0.215469031,0.465912482,0.318618487
7,50,0.156093483,0.503314423,0.340592095
7,51,0.102728905,0.522249873,0.375021223
7,52,0.074742037,0.513911263,0.4113467
7,53,0.06700405,0.492699526,0.440296424
7,54,0.057143781,0.453704103,0.489152117
7,59,0.207390449,0.396287255,0.396322297
7,60,0.256793507,0.363103945,0.380102549
7,61,0.282876385,0.350276543,0.366847072
7,62,0.233992862,0.346863041,0.419144097
7,63,0.180091434,0.345199025,0.474709542
8,45,0.236377418,0.364835446,0.398787136
8,46,0.458962264,0.274482856,0.26655488
8,47,0.64009872,0.234467253,0.125434028
8,48,0.32128038,0.401512575,0.277207045
8,49,0.327954043,0.445334255,0.226711702
8,50,0.144891059,0.508226883,0.346882058
8,51,0.120438497,0.52462987,0.354931632
8,52,0.103075274,0.536831812,0.360092914
8,53,0.065915773,0.497865722,0.436218505
8,54,0.062137023,0.469101539,0.468761439
8,55,0.04622083,0.426669079,0.527110091
8,56,0.043588395,0.421002324,0.535409281
8,57,0.038347043,0.407424555,0.554228402
8,59,0.165687806,0.438192576,0.396119619
8,60,0.246911136,0.398739153,0.354349711
8,61,0.313684652,0.359407406,0.326907942
8,62,0.1947631,0.328733895,0.476503005
8,63,0.146962748,0.34022849,0.512808762
8,64,0.202204667,0.359582873,0.43821246
9,45,0.289921236,0.355280475,0.354798288
9,46,0.468411575,0.264478826,0.267109599
9,47,0.62042047,0.233847219,0.145732311
9,48,0.459274223,0.351187866,0.189537911
9,49,0.326005186,0.445405621,0.228589193
9,50,0.222978909,0.494815379,0.282205713
9,51,0.225592886,0.511357517,0.263049597
9,52,0.117551419,0.54000233,0.342446251
9,53,0.072978178,0.514886337,0.412135486
9,54,0.06731425,0.501700209,0.430985541
9,55,0.058623958,0.481392398,0.459983644
9,56,0.048717789,0.467973131,0.48330908
9,57,0.043582559,0.46822292,0.488194521
9,58,0.043129405,0.464542452,0.492328143
9,59,0.119667332,0.485280931,0.395051737
9,60,0.179525563,0.457516681,0.362957756
9,61,0.263292219,0.411383348,0.325324433
9,62,0.271734709,0.366923065,0.361342226
9,63,0.154653695,0.349663015,0.495683291
9,64,0.214302877,0.377344201,0.408352923
10,45,0.317285426,0.339659557,0.343055017
10,46,0.739904793,0.14860491,0.111490297
10,47,0.657887385,0.162720332,0.179392284
10,48,0.540023684,0.302772532,0.157203784
10,49,0.38047604,0.399096502,0.220427458
10,50,0.369734954,0.418333179,0.211931868
10,51,0.289829312,0.465605559,0.244565129
10,52,0.15505991,0.523224744,0.321715347
10,53,0.094081561,0.525317364,0.380601075
10,54,0.080695005,0.537313563,0.381991432
10,55,0.064123969,0.532281892,0.403594139
10,56,0.045296657,0.51735626,0.437347082
10,57,0.04219435,0.517957869,0.439847782
10,58,0.046365146,0.521170038,0.432464816
10,60,0.130789563,0.505170765,0.364039672
10,61,0.222116935,0.46495252,0.312930546
10,62,0.26890721,0.41130189,0.3197909
10,63,0.203569235,0.396290142,0.400140624
10,64,0.222588189,0.395041103,0.382370708
10,65,0.217511643,0.393345472,0.389142886
11,45,0.303341161,0.340803743,0.355855096
11,46,0.675306643,0.181380324,0.143313034
11,47,0.721922252,0.169715658,0.108362091
11,48,0.597860082,0.260726597,0.141413321
11,49,0.475927823,0.327953687,0.196118489
11,50,0.471311346,0.341981893,0.186706762
11,51,0.425113486,0.382881437,0.192005077
11,52,0.161903185,0.481751567,0.356345248
11,53,0.120112348,0.504272906,0.375614746
11,54,0.095675094,0.542872183,0.361452723
11,55,0.057666649,0.534026188,0.408307163
11,56,0.047472152,0.561306894,0.391220953
11,58,0.063321095,0.567059395,0.36961951
11,59,0.107210559,0.569424033,0.323365408
11,60,0.142993881,0.54532706,0.311679059
11,61,0.209098311,0.500592966,0.290308722
11,62,0.284255492,0.436525703,0.279218804
11,63,0.238806086,0.419064858,0.342129056
11,64,0.237698485,0.417492554,0.344808961
11,65,0.237103377,0.413424517,0.349472106
12,45,0.182119857,0.356327249,0.461552894
12,46,0.425642013,0.267467598,0.306890389
12,47,0.756635002,0.149179201,0.094185797
12,48,0.643729525,0.225152213,0.131118262
12,49,0.546044465,0.272750916,0.181204619
12,50,0.616203497,0.250901883,0.13289462
12,51,0.499216322,0.326893163,0.173890515
12,52,0.223838853,0.442970719,0.333190428
12,53,0.181847863,0.485093643,0.333058494
12,54,0.118449095,0.534215772,0.347335133
12,55,0.086760596,0.571656297,0.341583108
12,56,0.050584785,0.572987797,0.376427418
12,57,0.07497685,0.607257366,0.317765784
12,58,0.108792269,0.612098858,0.279108873
12,59,0.122107285,0.596690219,0.281202497
12,60,0.16252758,0.568844948,0.268627473
12,61,0.238591571,0.517726685,0.243681744
12,62,0.303755828,0.455201117,0.241043055
12,63,0.259511445,0.432749971,0.307738584
12,64,0.250224899,0.422906249,0.326868853
12,65,0.260996806,0.421335362,0.317667833
12,66,0.23657786,0.429423197,0.333998943
13,46,0.343545408,0.292149263,0.36430533
13,47,0.76372511,0.141250986,0.095023904
13,48,0.701559613,0.186019478,0.112420908
13,49,0.636728164,0.217435431,0.145836405
13,50,0.661574118,0.216836309,0.121589573
13,51,0.533930023,0.296610673,0.169459304
13,52,0.252636131,0.421269345,0.326094524
13,53,0.207252245,0.468152839,0.324594916
13,54,0.134184802,0.515493936,0.350321261
13,55,0.096805157,0.559488924,0.343705919
13,56,0.087124409,0.579198326,0.333677265
13,57,0.131273725,0.614217715,0.25450856
13,58,0.141163779,0.625959482,0.23287674
13,59,0.141806463,0.614803187,0.243390351
13,60,0.181483286,0.581110145,0.23740657
13,61,0.253896835,0.533575725,0.21252744
13,62,0.312607412,0.481650709,0.205741879
13,63,0.282980304,0.460174699,0.256844998
13,64,0.313989536,0.428546096,0.257464368
13,65,0.308089734,0.416133052,0.275777214
13,66,0.248758125,0.432885105,0.31835677
13,67,0.230746919,0.45048857,0.318764511
14,46,0.664796544,0.187901941,0.147301515
14,47,0.712724766,0.163224705,0.124050529
14,48,0.714578051,0.171682086,0.113739862
14,49,0.612145782,0.221540977,0.166313242
14,50,0.619072166,0.231166156,0.149761679
14,51,0.50636872,0.296521195,0.197110085
14,52,0.281355609,0.405321353,0.313323038
14,53,0.219025673,0.458042731,0.322931596
14,54,0.166169057,0.507023369,0.326807575
14,56,0.101293944,0.556921558,0.341784499
14,57,0.157813719,0.591392001,0.250794281
14,58,0.167812968,0.611566781,0.220620252
14,59,0.170835066,0.602017983,0.227146951
14,60,0.214159257,0.57799627,0.207844474
14,61,0.274142871,0.536369634,0.189487494
14,62,0.307822191,0.503601344,0.188576465
14,63,0.314454021,0.48002968,0.205516299
14,64,0.352083179,0.436488904,0.211427918
14,65,0.341437862,0.414683634,0.243878504
14,66,0.27264544,0.419483328,0.307871232
14,67,0.185619515,0.463169105,0.351211381
14,68,0.212302693,0.482732703,0.304964604
14,69,0.168320188,0.486739488,0.344940324
15,45,0.578660867,0.229744036,0.191595098
15,46,0.558570548,0.236905134,0.204524317
15,47,0.635384989,0.197595392,0.16701962
15,48,0.665099752,0.189985885,0.144914364
15,49,0.564216464,0.231183284,0.204600252
15,50,0.636472686,0.215731497,0.147795817
15,51,0.54588706,0.271018045,0.183094896
15,52,0.323055149,0.394402442,0.282542409
15,53,0.242734632,0.449645262,0.307620106
15,54,0.176609257,0.49478017,0.328610574
15,55,0.150539363,0.525781046,0.323679591
15,57,0.185137115,0.550059041,0.264803845
15,58,0.197808923,0.573016771,0.229174306
15,59,0.188841924,0.58041499,0.230743086
15,60,0.230333651,0.563273209,0.20639314
15,61,0.282042225,0.535505038,0.182452736
15,62,0.319763449,0.504756473,0.175480079
15,63,0.333259647,0.481869686,0.184870667
15,64,0.352435968,0.453524027,0.194040005
15,65,0.369548377,0.421274117,0.209177506
15,66,0.300602599,0.423965979,0.275431422
15,67,0.19929259,0.45340982,0.34729759
15,68,0.222262456,0.492998999,0.284738546
15,69,0.191233966,0.51530949,0.293456544
16,45,0.569319769,0.23704201,0.193638222
16,46,0.342486435,0.310419632,0.347093933
16,47,0.441070461,0.279558866,0.279370674
16,48,0.488380693,0.260962788,0.250656519
16,49,0.420821127,0.271286179,0.307892695
16,50,0.598554028,0.227923019,0.173522954
16,51,0.578251926,0.259651298,0.162096776
16,52,0.297248354,0.397134107,0.30561754
16,53,0.240841951,0.442262078,0.316895971
16,54,0.214351043,0.477866617,0.30778234
16,55,0.176550687,0.500689679,0.322759635
16,57,0.178375971,0.51241437,0.309209659
16,58,0.218975476,0.53044696,0.250577565
16,59,0.210795428,0.548871362,0.24033321
16,60,0.253759785,0.538334438,0.207905777
16,61,0.302065514,0.517367214,0.180567272
16,62,0.338153088,0.490537917,0.171308995
16,63,0.355134281,0.472022655,0.172843064
16,64,0.364638733,0.450984564,0.184376703
16,65,0.3701711,0.433131279,0.196697621
16,66,0.360261575,0.419891334,0.219847091
16,67,0.262744646,0.445456585,0.291798769
16,68,0.171039432,0.483737492,0.345223077
16,69,0.193207641,0.530177182,0.276615177
17,45,0.552770217,0.245494942,0.20173484
17,46,0.37723905,0.301877766,0.320883185
17,47,0.397313097,0.298447262,0.304239641
17,48,0.405612448,0.293269142,0.30111841
17,49,0.485935915,0.262119644,0.251944442
17,50,0.540799504,0.254577604,0.204622893
17,51,0.525585148,0.286314555,0.188100297
17,52,0.33353218,0.390344645,0.276123175
17,53,0.241025823,0.445389449,0.313584728
17,54,0.234639087,0.465809043,0.29955187
17,55,0.203029641,0.477462528,0.319507831
17,59,0.249057501,0.504584088,0.246358411
17,60,0.256158716,0.516802845,0.22703844
17,61,0.29127349,0.51047027,0.19825624
17,62,0.338062948,0.48647702,0.175460033
17,63,0.379232685,0.45307513,0.167692185
17,64,0.396746916,0.431806816,0.171446269
17,65,0.378200192,0.433611019,0.188188789
17,66,0.367683832,0.428177127,0.204139041
17,67,0.337242678,0.425979875,0.236777447
17,68,0.185796166,0.459030202,0.355173632
17,69,0.169462894,0.52428654,0.306250567
17,70,0.17178705,0.533916188,0.294296761
18,45,0.48523183,0.275607393,0.239160777
18,46,0.361200283,0.309157395,0.329642321
18,47,0.389836601,0.30058529,0.30957811
18,48,0.460075799,0.273079829,0.266844372
18,49,0.540747099,0.243273874,0.215979027
18,50,0.555044865,0.254472055,0.19048308
18,51,0.477862813,0.31280937,0.209327817
18,52,0.344724731,0.39126868,0.264006589
18,53,0.239145138,0.446966585,0.313888277
18,54,0.222692698,0.463993661,0.313313641
18,55,0.252444834,0.45760396,0.289951205
18,58,0.217619101,0.466621694,0.315759205
18,60,0.281967738,0.480138151,0.23789411
18,61,0.295749186,0.485119098,0.219131716
18,63,0.385288044,0.442195653,0.172516304
18,64,0.413162466,0.41712124,0.169716294
18,65,0.405086828,0.414756264,0.180156908
18,66,0.386828915,0.417925454,0.195245631
18,67,0.3647027,0.416951292,0.218346008
18,68,0.26519054,0.448712776,0.286096684
18,69,0.178145502,0.468631202,0.353223296
18,70,0.192027504,0.527742972,0.280229524
19,45,0.446168254,0.293476793,0.260354954
19,46,0.327760207,0.322096215,0.350143578
19,47,0.383390729,0.311804817,0.304804454
19,48,0.506468446,0.258561605,0.23496995
19,49,0.610712657,0.215601325,0.173686019
19,50,0.591801101,0.243272157,0.164926742
19,51,0.48993262,0.313559459,0.196507922
19,52,0.375750586,0.386602871,0.237646543
19,53,0.29970556,0.432914408,0.267380033
19,54,0.275196404,0.449846597,0.274956999
19,55,0.262647932,0.444465751,0.292886318
19,64,0.431453164,0.398339943,0.170206893
19,65,0.431176553,0.392010789,0.176812658
19,66,0.399720917,0.407786803,0.19249228
19,67,0.376929674,0.412583023,0.210487303
19,68,0.34790284,0.422733337,0.229363823
19,69,0.218920407,0.464721011,0.316358582
19,70,0.189620525,0.497978571,0.312400904
20,45,0.345635649,0.326215116,0.328149235
20,46,0.260895239,0.340877376,0.398227385
20,47,0.330290582,0.331466052,0.338243366
20,48,0.430917298,0.295289904,0.273792799
20,49,0.56694896,0.244895565,0.188155476
20,50,0.555989486,0.269421789,0.174588725
20,51,0.448562011,0.338636291,0.212801697
20,52,0.386831427,0.38771415,0.225454424
20,53,0.31871933,0.425826864,0.255453807
20,54,0.330925058,0.424641989,0.244432954
20,55,0.355021292,0.401362665,0.243616043
20,64,0.439534217,0.387573634,0.172892149
20,65,0.439126441,0.384751929,0.17612163
20,66,0.418430211,0.391870728,0.189699061
20,67,0.401722067,0.394416204,0.203861729
20,68,0.373117541,0.397955366,0.228927093
20,69,0.285713112,0.431663827,0.282623062
20,70,0.22680136,0.397579567,0.375619073
20,71,0.221091599,0.461986985,0.316921416
21,45,0.42796398,0.307268965,0.264767055
21,46,0.312357675,0.340430143,0.347212182
21,47,0.341010245,0.339171169,0.319818586
21,48,0.377324054,0.334200536,0.28847541
21,49,0.463165993,0.302209496,0.234624511
21,50,0.46455971,0.319784914,0.215655377
21,51,0.4278046,0.357985368,0.214210032
21,52,0.388354283,0.38644114,0.225204577
21,53,0.364673068,0.40045364,0.234873292
21,54,0.379636659,0.392975378,0.227387963
21,55,0.417577466,0.359073542,0.223348992
21,56,0.483633179,0.314783644,0.201583177
21,57,0.525305685,0.289349103,0.185345212
21,58,0.515963916,0.313199505,0.17083658
21,61,0.389203932,0.423137034,0.187659035
21,62,0.413460646,0.413287607,0.173251747
21,63,0.439842075,0.399283811,0.160874114
21,64,0.441577709,0.392225623,0.166196667
21,65,0.425056792,0.388566907,0.186376302
21,66,0.432053212,0.378917636,0.189029152
21,67,0.41569788,0.379174605,0.205127515
21,68,0.410673162,0.371985473,0.217341365
21,69,0.340632465,0.388387005,0.270980531
21,70,0.248259843,0.427850269,0.323889888
21,71,0.305471665,0.429638322,0.264890013
22,45,0.463963355,0.285784558,0.250252087
22,46,0.571236463,0.250658258,0.178105279
22,47,0.475784588,0.302317793,0.221897619
22,48,0.415160439,0.327159112,0.257680449
22,49,0.499414594,0.299004659,0.201580748
22,50,0.48961612,0.322138413,0.188245467
22,51,0.444687786,0.350064523,0.205247692
22,52,0.426498694,0.363134653,0.210366654
22,53,0.435269181,0.358262807,0.206468013
22,54,0.460243688,0.342561092,0.19719522
22,55,0.483576617,0.318638264,0.19778512
22,56,0.525488455,0.289688259,0.184823285
22,57,0.533104536,0.287606945,0.179288519
22,58,0.531610771,0.306760503,0.161628726
22,59,0.48490376,0.350835314,0.164260926
22,61,0.406409971,0.408643041,0.184946989
22,62,0.451336435,0.3918165,0.156847065
22,63,0.457840227,0.389880005,0.152279768
22,64,0.462848181,0.37890571,0.158246109
22,66,0.440014378,0.369384504,0.190601118
22,67,0.433590007,0.365035015,0.201374977
22,68,0.430490456,0.358038447,0.211471097
22,69,0.410884476,0.356135841,0.232979683
22,70,0.296724078,0.405675874,0.297600048
22,71,0.273027756,0.407487101,0.319485143
23,45,0.431960154,0.293923945,0.274115901
23,46,0.580949992,0.249536702,0.169513306
23,47,0.523668418,0.282202054,0.194129529
23,48,0.530583655,0.274114512,0.195301833
23,49,0.581654046,0.268665993,0.149679962
23,50,0.501948127,0.316775285,0.181276588
23,51,0.466253284,0.33551635,0.198230366
23,52,0.467090347,0.337084987,0.195824666
23,53,0.483396897,0.32461619,0.191986913
23,54,0.517795963,0.304238243,0.177965794
23,55,0.531077749,0.288428061,0.18049419
23,56,0.539007731,0.280998105,0.179994164
23,57,0.524756807,0.296043396,0.179199797
23,58,0.516846965,0.321245428,0.161907607
23,59,0.476635511,0.363034474,0.160330015
23,60,0.483843005,0.37075361,0.145403385
23,61,0.458966754,0.380503989,0.160529257
23,62,0.488409916,0.367760079,0.143830006
23,63,0.50040384,0.361341738,0.138254423
23,64,0.496047518,0.35791852,0.146033962
23,65,0.483206665,0.357580608,0.159212728
23,66,0.457230763,0.351412628,0.191356609
23,67,0.453615952,0.349960151,0.196423897
23,68,0.451048828,0.342018298,0.206932874
23,69,0.437283788,0.340421195,0.222295018
23,70,0.323371113,0.379579125,0.297049762
23,71,0.352804775,0.388744796,0.258450429
24,45,0.45250941,0.294064737,0.253425853
24,46,0.529375474,0.278848245,0.19177628
24,47,0.540488583,0.262499672,0.197011745
24,48,0.614517138,0.237126626,0.148356235
24,49,0.574785895,0.273951386,0.151262719
24,50,0.492170383,0.316431527,0.191398091
24,51,0.503795918,0.313601183,0.1826029
24,52,0.526682507,0.301631172,0.171686321
24,53,0.512131249,0.300431514,0.187437237
24,54,0.560597995,0.27244202,0.166959985
24,55,0.586132925,0.256400106,0.157466969
24,56,0.579440956,0.256875069,0.163683976
24,57,0.549443919,0.286171674,0.164384407
24,58,0.511466598,0.330822864,0.157710538
24,59,0.451294254,0.385789765,0.16291598
24,60,0.474125682,0.379535422,0.146338896
24,61,0.490114468,0.363320215,0.146565317
24,62,0.531107641,0.34075788,0.128134479
24,63,0.54479201,0.330909091,0.1242989
24,64,0.524896722,0.338242718,0.136860561
24,65,0.504560742,0.341968943,0.153470316
24,66,0.481841662,0.338188728,0.17996961
24,67,0.475841555,0.334845588,0.189312857
24,68,0.469014136,0.329402325,0.201583538
24,69,0.443382794,0.332148448,0.224468758
24,70,0.365948273,0.363019129,0.271032598
24,71,0.347343596,0.380902846,0.271753558
25,45,0.446596491,0.297923468,0.255480041
25,46,0.60671953,0.233263341,0.160017129
25,47,0.639569865,0.217338329,0.143091806
25,48,0.581094579,0.261838967,0.157066454
25,49,0.518084724,0.296487383,0.185427893
25,50,0.516762473,0.300248827,0.182988699
25,51,0.517272236,0.300994051,0.181733713
25,52,0.54511376,0.285685356,0.169200884
25,53,0.575106446,0.264379451,0.160514103
25,54,0.586768812,0.252506933,0.160724255
25,55,0.635192806,0.225971619,0.138835575
25,56,0.644282887,0.21990291,0.135814202
25,57,0.587177951,0.263049765,0.149772285
25,58,0.537297553,0.31362668,0.149075767
25,59,0.493612529,0.358770027,0.147617444
25,60,0.503374128,0.364626308,0.131999565
25,61,0.483831888,0.365418328,0.150749784
25,62,0.544777674,0.332070701,0.123151624
25,63,0.558227767,0.319222672,0.122549561
25,64,0.548671778,0.319184112,0.13214411
25,65,0.531201157,0.32138623,0.147412613
25,66,0.518572338,0.317733758,0.163693904
25,67,0.484791952,0.325173108,0.190034941
25,68,0.467917893,0.326803101,0.205279007
25,69,0.442062471,0.332475111,0.225462418
25,70,0.377477939,0.360150123,0.262371938
25,71,0.352490983,0.375700353,0.271808665
26,45,0.413785115,0.315780572,0.270434313
26,46,0.543602289,0.267024913,0.189372798
26,47,0.52269608,0.285680417,0.191623503
26,48,0.47085476,0.310134141,0.219011099
26,49,0.494295404,0.302476438,0.203228158
26,50,0.486884029,0.309293847,0.203822123
26,51,0.520445664,0.295305357,0.184248978
26,52,0.56084091,0.273619398,0.165539692
26,53,0.597277711,0.250745794,0.151976495
26,54,0.615985194,0.236030797,0.147984009
26,55,0.635003509,0.226136335,0.138860156
26,56,0.627805136,0.232413777,0.139781087
26,57,0.590416029,0.263441362,0.146142609
26,58,0.554092388,0.30548052,0.140427093
26,59,0.522243776,0.33955093,0.138205294
26,60,0.525804335,0.34688619,0.127309475
26,61,0.511274213,0.347987902,0.140737885
26,62,0.562514081,0.317958874,0.119527045
26,63,0.574112855,0.30507662,0.120810525
26,64,0.570911266,0.300604507,0.128484227
26,65,0.560658593,0.298149902,0.141191506
26,66,0.533806002,0.301551968,0.164642031
26,67,0.496618355,0.312821065,0.19056058
26,68,0.46648244,0.322541008,0.210976552
26,69,0.449286854,0.327370403,0.223342743
26,70,0.356951102,0.362737154,0.280311744
26,71,0.330775917,0.379071976,0.290152107
27,45,0.333167528,0.358452526,0.308379946
27,46,0.420381403,0.328181911,0.251436686
27,47,0.442607284,0.321027705,0.236365011
27,48,0.477306078,0.307240804,0.215453118
27,49,0.545744494,0.279474168,0.174781338
27,50,0.520627833,0.29101729,0.188354877
27,51,0.546592011,0.281096235,0.172311754
27,52,0.563792427,0.269808902,0.166398671
27,53,0.604051492,0.245768703,0.150179805
27,54,0.618028664,0.235985966,0.145985371
27,55,0.622103359,0.236045735,0.141850906
27,56,0.620460052,0.242066418,0.13747353
27,57,0.577507312,0.275790904,0.146701785
27,58,0.531889715,0.316554496,0.151555789
27,59,0.50284365,0.346324338,0.150832013
27,60,0.539947133,0.33673198,0.123320887
27,61,0.536282195,0.332656102,0.131061704
27,62,0.568748448,0.310928693,0.120322859
27,63,0.577631168,0.298926082,0.12344275
27,64,0.583548157,0.28736396,0.129087883
27,65,0.572062889,0.282641368,0.145295744
27,66,0.525775822,0.294910025,0.179314153
27,67,0.493035931,0.306288374,0.200675695
27,68,0.465062135,0.319879444,0.215058421
27,69,0.429316794,0.336050028,0.234633178
27,70,0.378775019,0.355895668,0.265329313
27,71,0.297309155,0.382072337,0.320618508
28,45,0.303829956,0.365402806,0.330767238
28,46,0.437615752,0.32627417,0.236110079
28,47,0.509075527,0.298820427,0.192104046
28,48,0.541625952,0.283137178,0.17523687
28,49,0.546472985,0.276872935,0.17665408
28,50,0.543080387,0.278789923,0.17812969
28,51,0.583076504,0.26208973,0.154833766
28,52,0.581385304,0.26055463,0.158060066
28,53,0.59830374,0.248319782,0.153376478
28,54,0.607661482,0.242532363,0.149806155
28,55,0.61141301,0.244332376,0.144254614
28,56,0.609668238,0.252079807,0.138251955
28,57,0.532024861,0.296710288,0.171264852
28,58,0.514957622,0.320250285,0.164792093
28,59,0.503049331,0.339507883,0.157442787
28,60,0.508644704,0.344036153,0.147319142
28,61,0.553620942,0.320501229,0.125877829
28,62,0.570726442,0.307799577,0.121473981
28,63,0.597468125,0.283416935,0.11911494
28,64,0.598967888,0.274202771,0.126829341
28,65,0.578197516,0.274053208,0.147749276
28,66,0.523649203,0.288282517,0.18806828
28,67,0.488897989,0.300033217,0.211068795
28,68,0.461068651,0.3159288,0.223002549
28,69,0.420594649,0.336351797,0.243053554
28,70,0.380910263,0.354335368,0.264754369
28,71,0.297097826,0.380067735,0.322834439
29,46,0.428383301,0.33405726,0.237559439
29,47,0.543400617,0.285324257,0.171275126
29,48,0.554412095,0.277446208,0.168141697
29,49,0.542107238,0.278629812,0.17926295
29,50,0.550415026,0.275191614,0.17439336
29,51,0.559597032,0.272781751,0.167621217
29,52,0.568983777,0.265904043,0.16511218
29,53,0.580835303,0.256049778,0.163114919
29,54,0.619625733,0.238065353,0.142308914
29,55,0.603934415,0.249704048,0.146361537
29,56,0.621637536,0.246894426,0.131468037
29,57,0.537732616,0.293017295,0.169250089
29,58,0.516329977,0.31858521,0.165084813
29,59,0.51467166,0.330061143,0.155267197
29,60,0.516098134,0.33539269,0.148509177
29,61,0.566463637,0.310047987,0.123488375
29,62,0.593732275,0.289506193,0.116761533
29,63,0.609639877,0.273610603,0.11674952
29,64,0.603423892,0.26927377,0.127302338
29,65,0.574023845,0.273473412,0.152502743
29,66,0.51675593,0.284867894,0.198376176
29,67,0.484616508,0.296696283,0.218687209
29,68,0.454008278,0.315765493,0.230226229
29,69,0.40617803,0.339731612,0.254090357
29,70,0.374518508,0.355748539,0.269732953
29,71,0.31862482,0.374945302,0.306429877
