Lon,Lat,C_K_L_ESM,B_K_L_ESM,U_K_L_ESM
-10,52,0.039645318,0.164315887,0.796038795
-10,53,0.043769145,0.16478251,0.791448345
-10,54,0.043502728,0.15848993,0.798007342
-10,55,0.041914249,0.150097208,0.807988543
-9,52,0.045178673,0.162027322,0.792794005
-9,53,0.042934439,0.158023368,0.799042194
-9,54,0.04229306,0.152096156,0.805610783
-9,55,0.042059337,0.148156013,0.809784651
-8,53,0.042794192,0.151877455,0.805328354
-8,54,0.041964028,0.144361933,0.81367404
-8,55,0.040435923,0.146253752,0.813310326
-8,56,0.039012875,0.138560521,0.822426604
-7,53,0.042292722,0.147116962,0.810590316
-7,54,0.040893721,0.144587815,0.814518465
-7,55,0.039635583,0.146876788,0.813487629
-7,56,0.037822702,0.138507764,0.823669534
-7,58,0.034217784,0.11362643,0.852155787
-7,59,0.033194606,0.109682502,0.857122892
-6,55,0.037678196,0.138077873,0.824243931
-6,56,0.037408065,0.127901808,0.834690127
-6,57,0.035635566,0.118268332,0.846096102
-6,58,0.036565503,0.119440882,0.843993615
-6,59,0.034503914,0.116953076,0.84854301
-5,51,0.048754843,0.154941801,0.796303357
-5,52,0.044511006,0.145188964,0.81030003
-5,55,0.035869867,0.125290963,0.83883917
-5,56,0.035082725,0.11561126,0.849306015
-5,57,0.146033459,0.145223931,0.70874261
-5,58,0.036314514,0.120951848,0.842733638
-5,59,0.034715906,0.119491133,0.845792961
-4,48,0.060080757,0.181930053,0.75798919
-4,49,0.057237785,0.179190546,0.763571669
-4,51,0.050524621,0.152650918,0.796824462
-4,52,0.046705346,0.137315883,0.815978771
-4,53,0.042676396,0.134216693,0.823106911
-4,54,0.039157624,0.126861716,0.83398066
-4,55,0.03713669,0.118146332,0.844716978
-4,56,0.034749882,0.113667272,0.851582846
-4,57,0.035035375,0.115258205,0.84970642
-4,58,0.036864009,0.12403043,0.839105561
-4,59,0.034951668,0.119006374,0.846041958
-3,48,0.060464526,0.186672938,0.752862536
-3,49,0.057159681,0.184489842,0.758350476
-3,51,0.05294597,0.166186819,0.780867211
-3,52,0.046592811,0.147978582,0.805428607
-3,53,0.040996509,0.131908428,0.827095064
-3,54,0.037301294,0.115818736,0.84687997
-3,55,0.036552679,0.11519895,0.84824837
-3,56,0.03452903,0.118164744,0.847306226
-3,57,0.034549249,0.119995261,0.845455491
-3,58,0.03542847,0.12660761,0.837963919
-2,47,0.06210054,0.190985033,0.746914428
-2,48,0.061289818,0.190134303,0.748575879
-2,49,0.060094696,0.19207972,0.747825584
-2,50,0.058681598,0.190218787,0.751099615
-2,51,0.058547378,0.181897268,0.759555354
-2,52,0.048692108,0.158188437,0.793119455
-2,53,0.042427497,0.137114089,0.820458414
-2,54,0.038416613,0.123004367,0.83857902
-2,55,0.03527901,0.119527934,0.845193056
-2,56,0.034791746,0.120033641,0.845174613
-1,45,0.067761757,0.192626687,0.739611557
-1,46,0.061409999,0.187656712,0.75093329
-1,47,0.061287567,0.189007825,0.749704609
-1,48,0.061092015,0.186030855,0.75287713
-1,49,0.061243504,0.193190626,0.74556587
-1,50,0.058491341,0.191826273,0.749682386
-1,51,0.057208621,0.181586474,0.761204905
-1,52,0.051626443,0.164594606,0.783778951
-1,53,0.033045816,0.1374633,0.829490884
-1,54,0.036975699,0.129947678,0.833076623
-1,55,0.03497363,0.121756427,0.843269943
0,45,0.060419782,0.180118621,0.759461597
0,46,0.062049375,0.183347945,0.75460268
0,47,0.060478402,0.185421073,0.754100525
0,48,0.061012623,0.183562664,0.755424713
0,49,0.08246529,0.198261584,0.719273127
0,50,0.058537969,0.189904974,0.751557057
0,51,0.055675088,0.18039155,0.763933362
0,52,0.050433553,0.165992839,0.783573609
0,53,0.038283001,0.1465091,0.815207899
0,54,0.037761395,0.136227734,0.826010871
1,45,0.06051449,0.164220209,0.775265302
1,46,0.093048651,0.185060205,0.721891144
1,47,0.080899136,0.189181399,0.729919466
1,48,0.05789048,0.179297142,0.762812378
1,49,0.082856102,0.192850684,0.724293214
1,50,0.057469837,0.185620776,0.756909387
1,51,0.055104996,0.18077215,0.764122854
1,52,0.048771567,0.167659345,0.783569088
1,53,0.04303039,0.1542574,0.80271221
2,45,0.115038951,0.160280488,0.724680561
2,46,0.161407283,0.185894625,0.652698093
2,47,0.091321457,0.183954725,0.724723818
2,48,0.077859452,0.185109706,0.737030841
2,49,0.065236599,0.183684093,0.751079308
2,50,0.075526393,0.191075563,0.733398044
2,51,0.074720483,0.190543685,0.734735833
3,45,0.182533049,0.157423659,0.660043292
3,46,0.109143114,0.168026985,0.722829901
3,47,0.108696559,0.176421131,0.71488231
3,48,0.100565495,0.186425663,0.713008842
3,49,0.095598119,0.193508232,0.710893649
3,50,0.101674299,0.200343999,0.697981702
3,51,0.09430654,0.199040511,0.706652949
3,52,0.079454493,0.188696273,0.731849234
4,45,0.070439168,0.13707145,0.792489382
4,46,0.115662238,0.159110906,0.725226856
4,47,0.110208642,0.164143244,0.725648114
4,48,0.111134243,0.184070752,0.704795005
4,49,0.113187928,0.196836411,0.689975661
4,50,0.114469247,0.203258353,0.682272401
4,51,0.101665873,0.204375247,0.69395888
4,52,0.086834997,0.19528741,0.717877594
5,45,0.221676673,0.146294662,0.632028665
5,46,0.115257848,0.148798928,0.735943223
5,47,0.210024444,0.171502999,0.618472557
5,48,0.116468505,0.181154452,0.702377043
5,49,0.133696076,0.200430685,0.665873238
5,50,0.127860396,0.207487314,0.66465229
5,51,0.111678664,0.211758574,0.676562763
5,52,0.090127715,0.199684559,0.710187726
5,53,0.078830478,0.190035355,0.731134167
5,54,0.060560254,0.175997135,0.763442611
5,61,0.161839904,0.183186563,0.654973533
5,62,0.209175059,0.201610207,0.589214735
6,45,0.3167904,0.106277336,0.576932265
6,46,0.321323896,0.131829248,0.546846857
6,47,0.301036648,0.157580518,0.541382835
6,48,0.285526853,0.186599892,0.527873255
6,49,0.173890909,0.212822898,0.613286193
6,50,0.143390247,0.214034219,0.642575534
6,51,0.123086916,0.219350266,0.657562817
6,52,0.084833126,0.201926664,0.713240209
6,53,0.07614443,0.191808331,0.732047239
6,54,0.070103538,0.183347997,0.746548466
6,59,0.193865066,0.190488787,0.615646147
6,60,0.203514215,0.186339415,0.610146371
6,61,0.220545639,0.184182353,0.595272008
6,62,0.215775865,0.206156188,0.578067948
6,63,0.229277465,0.216562896,0.554159639
7,45,0.151314876,0.10311823,0.745566894
7,46,0.331280355,0.106196384,0.562523261
7,47,0.348590581,0.14523772,0.5061717
7,48,0.282975101,0.182799126,0.534225773
7,49,0.200641401,0.212250537,0.587108062
7,50,0.172743233,0.219729622,0.607527146
7,51,0.13190283,0.218179028,0.649918141
7,52,0.099391893,0.209669812,0.690938295
7,53,0.075528443,0.194243888,0.73022767
7,54,0.0610973,0.18190265,0.75700005
7,59,0.215833223,0.199629086,0.584537692
7,60,0.221617013,0.193261524,0.585121464
7,61,0.268432181,0.191700076,0.539867744
7,62,0.245216863,0.209435071,0.545348066
7,63,0.220305299,0.234400597,0.545294104
8,45,0.116449879,0.127419858,0.756130263
8,46,0.152767271,0.104500195,0.742732533
8,47,0.371296799,0.133529554,0.495173647
8,48,0.3308011,0.168912826,0.500286074
8,49,0.361465743,0.20422844,0.434305818
8,50,0.172682237,0.219142308,0.608175456
8,51,0.194025909,0.219360875,0.586613216
8,52,0.191535438,0.223151636,0.585312926
8,53,0.07609746,0.19869633,0.72520621
8,54,0.065151399,0.190551207,0.744297394
8,59,0.222705328,0.231701146,0.545593526
8,60,0.25712174,0.218242131,0.524636129
8,61,0.331691363,0.201760992,0.466547645
8,62,0.200081821,0.219305528,0.580612651
8,63,0.194771629,0.255019975,0.550208396
8,64,0.28620364,0.240782103,0.473014257
9,45,0.154142752,0.130004122,0.715853126
9,46,0.198197459,0.100230743,0.701571798
9,47,0.354157082,0.124144393,0.521698526
9,48,0.350281212,0.156993231,0.492725557
9,49,0.33506343,0.190941765,0.473994805
9,50,0.279011541,0.210247059,0.5107414
9,51,0.270101954,0.218533087,0.511364959
9,52,0.19713372,0.227900826,0.574965455
9,53,0.081726061,0.212844608,0.705429332
9,54,0.066931768,0.209261198,0.723807034
9,55,0.061552842,0.213398959,0.725048199
9,56,0.085135785,0.238299727,0.676564488
9,57,0.11939677,0.262266632,0.618336598
9,58,0.145128239,0.27375869,0.581113071
9,59,0.223838169,0.26944288,0.506718951
9,60,0.286131138,0.254339496,0.459529366
9,61,0.361589684,0.232420188,0.405990128
9,62,0.310573761,0.23664747,0.45277877
9,63,0.215990276,0.271348981,0.512660743
9,64,0.32329208,0.249738689,0.426969231
10,45,0.172112089,0.128302746,0.699585165
10,46,0.328491506,0.09147762,0.580030874
10,47,0.236375941,0.112885119,0.65073894
10,48,0.399472167,0.147511695,0.453016138
10,49,0.331291634,0.180760364,0.487948002
10,50,0.324046831,0.198580479,0.47737269
10,51,0.298661305,0.216734751,0.484603945
10,52,0.222325036,0.237154707,0.540520258
10,53,0.095088678,0.235219901,0.669691421
10,54,0.078386249,0.240589355,0.681024396
10,55,0.06578041,0.252133798,0.682085792
10,56,0.068053411,0.273917285,0.658029304
10,57,0.105235573,0.301768691,0.592995736
10,58,0.152427139,0.303375136,0.544197725
10,60,0.269057315,0.287887489,0.443055196
10,61,0.36478596,0.255196186,0.380017854
10,62,0.37749566,0.248296968,0.374207373
10,63,0.304904953,0.271851842,0.423243205
10,64,0.349405935,0.258229905,0.39236416
11,45,0.162355392,0.136098155,0.701546453
11,46,0.31697351,0.104358447,0.578668044
11,47,0.434053683,0.110523112,0.455423205
11,48,0.435564379,0.145476812,0.41895881
11,49,0.351405101,0.173341645,0.475253254
11,50,0.360274292,0.189373694,0.450352014
11,51,0.347567301,0.217403803,0.435028896
11,52,0.188977276,0.246261844,0.56476088
11,53,0.110470691,0.254060455,0.635468854
11,54,0.097250414,0.267832472,0.634917114
11,55,0.083426613,0.290768382,0.625805005
11,56,0.092040697,0.323930459,0.584028845
11,58,0.212700405,0.337083694,0.450215901
11,60,0.309456997,0.300347288,0.390195716
11,61,0.371945281,0.265862126,0.362192594
11,62,0.414382773,0.239647181,0.345970047
11,63,0.33104337,0.260914288,0.408042342
11,64,0.365001652,0.256173811,0.378824537
11,65,0.340396343,0.256397763,0.403205894
12,45,0.125124837,0.14675178,0.728123383
12,46,0.167427857,0.114424071,0.718148072
12,47,0.453775176,0.112773987,0.433450837
12,48,0.458679124,0.145809538,0.395511338
12,49,0.353993496,0.169324683,0.476681822
12,50,0.402117925,0.175770646,0.422111429
12,51,0.356075864,0.210908016,0.43301612
12,52,0.210047079,0.243157834,0.546795088
12,53,0.151515427,0.260665902,0.587818671
12,54,0.150717793,0.282056187,0.567226019
12,55,0.102560015,0.298611074,0.598828911
12,56,0.130245462,0.333967718,0.53578682
12,58,0.248038527,0.348784239,0.403177234
12,59,0.282287706,0.329587066,0.388125228
12,60,0.349346304,0.295163179,0.355490517
12,61,0.414044965,0.254720383,0.331234652
12,62,0.422855973,0.232862961,0.344281066
12,63,0.324602925,0.250259616,0.425137458
12,64,0.302630523,0.257513303,0.439856175
12,65,0.30972821,0.257251808,0.433019982
12,66,0.284019095,0.263657094,0.452323811
13,46,0.196852413,0.128849343,0.674298245
13,47,0.467191887,0.115205087,0.417603027
13,48,0.493497273,0.138784852,0.367717875
13,49,0.419067398,0.160546584,0.420386018
13,50,0.420062908,0.171135245,0.408801848
13,51,0.352939314,0.202154202,0.444906484
13,52,0.20348489,0.233839107,0.562676003
13,53,0.187241623,0.250617428,0.562140949
13,54,0.164882229,0.264152771,0.570965001
13,55,0.109257098,0.274774643,0.615968259
13,56,0.185197866,0.308097856,0.506704278
13,57,0.239173066,0.325274862,0.435552072
13,58,0.295557158,0.329831269,0.374611574
13,59,0.310672662,0.320403068,0.36892427
13,60,0.373315766,0.284399745,0.342284489
13,61,0.433967832,0.249528159,0.316504009
13,62,0.461306137,0.227102476,0.311591387
13,63,0.345482973,0.251875608,0.402641419
13,64,0.370313177,0.242074601,0.387612222
13,65,0.324050899,0.246629558,0.429319544
13,66,0.263851639,0.262155191,0.47399317
13,67,0.261773518,0.270648007,0.467578475
14,46,0.382161645,0.128740193,0.489098162
14,47,0.42955161,0.123786785,0.446661605
14,48,0.489653861,0.135830484,0.374515655
14,49,0.39517971,0.16071211,0.44410818
14,50,0.370678415,0.178114188,0.451207397
14,51,0.320665076,0.20192572,0.477409204
14,52,0.242791857,0.21956056,0.537647583
14,53,0.192149796,0.226168665,0.581681539
14,54,0.16294746,0.227642543,0.609409997
14,56,0.190738382,0.269273828,0.53998779
14,57,0.256948122,0.289443783,0.453608095
14,58,0.316363206,0.297930642,0.385706152
14,59,0.346470287,0.286199205,0.367330509
14,60,0.401479874,0.268774612,0.329745514
14,61,0.454351182,0.246858397,0.298790421
14,62,0.474092679,0.23560101,0.290306311
14,63,0.457888243,0.239702807,0.30240895
14,64,0.448216329,0.232340461,0.31944321
14,65,0.334174651,0.245909663,0.419915687
14,66,0.253749759,0.254734574,0.491515667
14,67,0.198787321,0.285515756,0.515696924
14,68,0.240474867,0.292513894,0.467011239
14,69,0.172483682,0.303369764,0.524146554
15,45,0.319700235,0.148370075,0.53192969
15,46,0.33078551,0.146597146,0.522617344
15,47,0.366471018,0.136466809,0.497062173
15,48,0.438572563,0.141445719,0.419981718
15,49,0.349352195,0.15948958,0.491158225
15,50,0.382536422,0.171132548,0.446331031
15,51,0.349812066,0.190369688,0.459818246
15,52,0.214178494,0.203906365,0.581915141
15,53,0.196078059,0.200093821,0.60382812
15,54,0.184692159,0.202699091,0.61260875
15,55,0.144084717,0.209291221,0.646624062
15,57,0.261924002,0.240239834,0.497836164
15,58,0.317879729,0.261476448,0.420643823
15,59,0.345162452,0.268525676,0.386311872
15,60,0.397285436,0.261092726,0.341621838
15,61,0.460144787,0.247272581,0.292582633
15,62,0.479228133,0.239491362,0.281280506
15,63,0.478725778,0.239562064,0.281712158
15,64,0.452195118,0.243372524,0.304432358
15,65,0.392895712,0.247128762,0.359975527
15,66,0.261120023,0.262365576,0.476514401
15,67,0.193726208,0.294077852,0.51219594
15,68,0.22294464,0.314966411,0.46208895
15,69,0.198952069,0.334383667,0.466664265
16,45,0.344212005,0.155803375,0.499984619
16,46,0.21290826,0.161544392,0.625547348
16,47,0.258458901,0.157617868,0.583923231
16,48,0.31332876,0.158131511,0.528539728
16,49,0.260351393,0.156636184,0.583012423
16,50,0.349467672,0.162945901,0.487586428
16,51,0.346598148,0.181623252,0.4717786
16,52,0.193261324,0.184556129,0.622182546
16,53,0.199986309,0.175869329,0.624144362
16,54,0.208526191,0.179319505,0.612154305
16,55,0.188637528,0.184098337,0.627264135
16,57,0.225621137,0.211345841,0.563033022
16,58,0.302388573,0.237904847,0.45970658
16,59,0.33615317,0.252933652,0.410913179
16,60,0.388644266,0.253096749,0.358258985
16,61,0.449422696,0.244969952,0.305607352
16,62,0.473369417,0.23889689,0.287733693
16,63,0.479072311,0.242005134,0.278922555
16,64,0.453200339,0.250593055,0.296206606
16,65,0.405171884,0.261648087,0.33318003
16,66,0.315503583,0.275391468,0.40910495
16,67,0.225788758,0.299424937,0.474786305
16,68,0.166518779,0.34561722,0.487864002
16,69,0.207094732,0.370411592,0.422493676
17,45,0.34032493,0.159280258,0.500394812
17,46,0.241227688,0.164870627,0.593901686
17,47,0.237755942,0.164239627,0.598004431
17,48,0.24376788,0.161006132,0.595225989
17,49,0.277247893,0.153472655,0.569279452
17,50,0.302577785,0.161573511,0.535848703
17,51,0.287241038,0.171209049,0.541549912
17,52,0.216689913,0.166298118,0.617011968
17,53,0.180915628,0.155608529,0.663475843
17,54,0.189587374,0.160230172,0.650182454
17,55,0.194752984,0.166899519,0.638347497
17,59,0.328295973,0.239231803,0.432472224
17,60,0.363775621,0.250878508,0.385345871
17,61,0.421960636,0.250466845,0.32757252
17,62,0.433141931,0.252641453,0.314216617
17,63,0.460318438,0.247436599,0.292244963
17,64,0.455359377,0.253358012,0.291282611
17,65,0.405088228,0.27771997,0.317191801
17,66,0.344874739,0.295780906,0.359344355
17,67,0.271516479,0.310277117,0.418206404
17,68,0.158372601,0.361463136,0.480164263
17,69,0.184750722,0.410016882,0.405232396
17,70,0.188529568,0.416778799,0.394691633
18,45,0.295450235,0.169980295,0.53456947
18,46,0.205037751,0.169999445,0.624962804
18,47,0.221577863,0.167959516,0.610462621
18,48,0.246018578,0.158990013,0.59499141
18,49,0.306612833,0.15177751,0.541609657
18,50,0.32649607,0.159242453,0.514261476
18,51,0.25902667,0.161011051,0.579962279
18,52,0.208469028,0.156400864,0.635130108
18,53,0.17523709,0.148125835,0.676637075
18,54,0.179357131,0.153356576,0.667286293
18,55,0.185447824,0.157004142,0.657548034
18,58,0.288753364,0.21551342,0.495733216
18,60,0.367043478,0.243052934,0.389903588
18,61,0.396905391,0.249774637,0.353319972
18,63,0.445110576,0.254191485,0.300697939
18,64,0.444211436,0.262780821,0.293007743
18,65,0.417301081,0.282712266,0.299986653
18,66,0.376602355,0.304312953,0.319084693
18,67,0.292086984,0.328315056,0.37959796
18,68,0.224986118,0.365984444,0.409029438
18,69,0.156370433,0.430638962,0.412990605
18,70,0.205626485,0.438872123,0.355501392
19,45,0.270855389,0.178716251,0.55042836
19,46,0.175567672,0.177307807,0.647124522
19,47,0.21072137,0.176122227,0.613156403
19,48,0.269121086,0.158212223,0.572666691
19,49,0.34336251,0.148341158,0.508296333
19,50,0.341869426,0.158274038,0.499856536
19,51,0.254454462,0.157299769,0.588245769
19,52,0.210570129,0.154952901,0.634476971
19,53,0.178726427,0.152075845,0.669197728
19,54,0.176264465,0.158259428,0.665476107
19,55,0.166820472,0.163475181,0.669704347
19,64,0.430037229,0.265671572,0.304291199
19,65,0.42460941,0.282413492,0.292977099
19,66,0.39096602,0.305981961,0.303052019
19,67,0.315393942,0.336813739,0.347792319
19,68,0.281035729,0.360904398,0.358059873
19,69,0.205194451,0.414346057,0.380459492
19,70,0.205046666,0.436954775,0.357998559
20,45,0.198992625,0.190253464,0.610753912
20,46,0.137329786,0.184678429,0.677991786
20,47,0.173048273,0.186249432,0.640702295
20,48,0.226482021,0.173486825,0.600031155
20,49,0.332168359,0.162397963,0.505433678
20,50,0.333985091,0.171648603,0.494366307
20,51,0.221232655,0.160445332,0.618322013
20,52,0.217609256,0.158979638,0.623411107
20,53,0.190533587,0.158875431,0.650590982
20,54,0.202218347,0.167513071,0.630268582
20,55,0.200384786,0.178225082,0.621390131
20,64,0.405359291,0.267252271,0.327388438
20,65,0.403460048,0.282258484,0.314281468
20,66,0.388452833,0.297778464,0.313768703
20,67,0.357019534,0.314429041,0.328551425
20,68,0.283544555,0.340659505,0.375795941
20,69,0.23915818,0.375571048,0.385270772
20,70,0.158599469,0.413777003,0.427623528
20,71,0.200447672,0.413841903,0.385710425
21,45,0.253054725,0.195711482,0.551233793
21,46,0.184352116,0.198080494,0.61756739
21,47,0.178207443,0.198550422,0.623242135
21,48,0.222034466,0.193527984,0.58443755
21,49,0.268157708,0.182903793,0.548938499
21,50,0.267943413,0.181465605,0.550590982
21,51,0.209764121,0.16857716,0.621658719
21,52,0.200087739,0.167996785,0.631915477
21,53,0.203822064,0.17101934,0.625158596
21,54,0.219891931,0.181465764,0.598642305
21,55,0.217557207,0.194145754,0.588297039
21,61,0.432127284,0.241278706,0.32659401
21,64,0.393258375,0.274364213,0.332377412
21,65,0.397789766,0.282938906,0.319271328
21,66,0.392577758,0.284651056,0.322771187
21,67,0.371426345,0.29063424,0.337939415
21,68,0.326824756,0.296006473,0.377168771
21,69,0.251026724,0.327606162,0.421367115
21,70,0.212229647,0.373671422,0.414098931
21,71,0.244920639,0.377081138,0.377998223
22,45,0.244777697,0.18691166,0.568310643
22,46,0.324159189,0.185745629,0.490095183
22,47,0.293427249,0.202220058,0.504352693
22,48,0.23852402,0.200931935,0.560544045
22,49,0.281750585,0.189812504,0.528436911
22,50,0.2826734,0.193218394,0.524108207
22,51,0.213139754,0.185324297,0.60153595
22,52,0.206071968,0.183059564,0.610868468
22,53,0.211502341,0.186966369,0.601531289
22,54,0.227692889,0.196827411,0.5754797
22,55,0.235853754,0.210180574,0.553965672
22,56,0.259451389,0.225683903,0.514864709
22,57,0.307522559,0.243355008,0.449122433
22,58,0.372364002,0.253606557,0.374029441
22,59,0.414220393,0.259579245,0.326200362
22,61,0.442368757,0.24995487,0.307676373
22,62,0.468344435,0.24283413,0.288821435
22,63,0.440354894,0.258620229,0.301024877
22,64,0.409961132,0.272148416,0.317890452
22,66,0.394085043,0.281234425,0.324680532
22,67,0.379390903,0.283147449,0.337461648
22,68,0.356381266,0.286305058,0.357313676
22,69,0.280073583,0.308863747,0.41106267
22,70,0.2348245,0.347582046,0.417593454
22,71,0.223729976,0.358635699,0.417634325
23,45,0.206199398,0.18817006,0.605630542
23,46,0.32890458,0.190844228,0.480251192
23,47,0.285032294,0.203383307,0.511584399
23,48,0.272177034,0.191710688,0.536112277
23,49,0.337401108,0.194662861,0.467936031
23,50,0.263148069,0.203990417,0.532861515
23,51,0.224359574,0.20152008,0.574120347
23,52,0.232239116,0.200221022,0.567539862
23,53,0.223872976,0.204604806,0.571522219
23,54,0.245433432,0.21530991,0.539256658
23,55,0.251570121,0.229483139,0.51894674
23,56,0.27037178,0.247949149,0.481679071
23,57,0.294760218,0.267637746,0.437602036
23,58,0.365360896,0.275189675,0.359449429
23,59,0.395068845,0.284169035,0.320762121
23,60,0.428832449,0.275522494,0.295645057
23,61,0.445308568,0.266338129,0.288353303
23,62,0.467636735,0.256939215,0.27542405
23,63,0.466381698,0.259701563,0.273916739
23,64,0.435048597,0.27268061,0.292270793
23,66,0.390130474,0.282055505,0.327814022
23,67,0.390182231,0.280221316,0.329596453
23,68,0.370716206,0.282705857,0.346577937
23,69,0.318806008,0.299516028,0.381677964
23,70,0.238850576,0.334946627,0.426202798
23,71,0.271556403,0.341502079,0.386941519
24,45,0.217461604,0.196820114,0.585718283
24,46,0.299802198,0.206836886,0.493360916
24,47,0.252833433,0.192938989,0.554227578
24,48,0.339641646,0.188959479,0.471398875
24,49,0.326099618,0.206696628,0.467203754
24,50,0.227314893,0.214607787,0.55807732
24,51,0.226871795,0.214954555,0.55817365
24,52,0.24131287,0.215514898,0.543172233
24,53,0.228771797,0.221977784,0.549250419
24,54,0.247287802,0.232989338,0.519722861
24,55,0.277400206,0.247187976,0.475411818
24,56,0.274631444,0.268074171,0.457294385
24,57,0.303191096,0.28540388,0.411405024
24,58,0.356180716,0.295310567,0.348508717
24,59,0.38340088,0.308784445,0.307814675
24,60,0.413475697,0.301605933,0.28491837
24,61,0.455311082,0.281924297,0.26276462
24,62,0.471461198,0.271300173,0.257238628
24,63,0.482250858,0.265328151,0.252420992
24,64,0.449975268,0.276420658,0.273604075
24,65,0.424058894,0.282141947,0.293799159
24,66,0.413920113,0.277723554,0.308356333
24,67,0.392679279,0.279667197,0.327653524
24,68,0.384064655,0.279395648,0.336539697
24,69,0.320933889,0.297760017,0.381306094
24,70,0.275597102,0.322711607,0.401691292
24,71,0.275221023,0.336506437,0.38827254
25,45,0.208119321,0.201095225,0.590785454
25,46,0.312202816,0.192378181,0.495419003
25,47,0.326104501,0.188586549,0.48530895
25,48,0.349659236,0.208111644,0.44222912
25,49,0.245852399,0.218410778,0.535736823
25,50,0.226991578,0.223017476,0.549990946
25,51,0.22755995,0.227539692,0.544900357
25,52,0.259778237,0.22884245,0.511379313
25,53,0.254970901,0.235606988,0.509422111
25,54,0.257542962,0.246375218,0.496081821
25,55,0.2950693,0.257712638,0.447218063
25,56,0.310682263,0.275054052,0.414263685
25,57,0.333625074,0.291678235,0.374696692
25,58,0.359562793,0.30821836,0.332218847
25,59,0.3845527,0.31988967,0.29555763
25,60,0.420348116,0.319554218,0.260097666
25,61,0.446570791,0.308540444,0.244888765
25,62,0.47075762,0.296407286,0.232835095
25,63,0.474051312,0.285329305,0.240619383
25,64,0.448983227,0.286681582,0.264335191
25,65,0.417243044,0.288089065,0.294667892
25,66,0.427499394,0.275497192,0.297003414
25,67,0.397810018,0.278784265,0.323405717
25,68,0.387799133,0.281823507,0.330377361
25,69,0.34004255,0.300320082,0.359637368
25,70,0.29525055,0.32494877,0.37980068
25,71,0.294032026,0.336211479,0.369756495
26,45,0.193082699,0.213617459,0.593299842
26,46,0.277050588,0.208724948,0.514224464
26,47,0.284331726,0.221466193,0.494202081
26,48,0.229954629,0.22906794,0.54097743
26,49,0.214248746,0.226716712,0.559034542
26,50,0.210479501,0.231868814,0.557651686
26,51,0.243269747,0.23575401,0.520976242
26,52,0.268446279,0.23951303,0.492040692
26,53,0.265971857,0.246859523,0.48716862
26,54,0.275146335,0.257648189,0.467205475
26,55,0.292604731,0.270605129,0.436790141
26,56,0.316215853,0.285315381,0.398468766
26,57,0.33879577,0.299933659,0.361270572
26,58,0.370172915,0.313174032,0.316653053
26,59,0.393932832,0.3314801,0.274587068
26,60,0.421598299,0.335639156,0.242762545
26,61,0.439467298,0.328506534,0.232026168
26,62,0.469630102,0.314000819,0.216369079
26,63,0.464902553,0.302310994,0.232786453
26,64,0.446494146,0.293857862,0.259647992
26,65,0.432449252,0.285047721,0.282503028
26,66,0.422930172,0.275585541,0.301484287
26,67,0.402295301,0.276573213,0.321131486
26,68,0.388553305,0.285514737,0.325931958
26,69,0.368692596,0.297249308,0.334058097
26,70,0.289076712,0.331399411,0.379523877
26,71,0.278369119,0.343679776,0.377951105
27,45,0.174114584,0.239067077,0.586818339
27,46,0.221305787,0.234278261,0.544415952
27,47,0.212746122,0.237440713,0.549813165
27,48,0.225145496,0.233974807,0.540879697
27,49,0.233065578,0.231661374,0.535273048
27,50,0.22411193,0.237832405,0.538055665
27,51,0.255072196,0.242433127,0.502494677
27,52,0.268971572,0.249564137,0.481464291
27,53,0.266005106,0.257823086,0.476171808
27,54,0.279105486,0.267222488,0.453672026
27,55,0.308114247,0.280190667,0.411695086
27,56,0.316734591,0.295802635,0.387462774
27,57,0.347030149,0.309551781,0.343418071
27,58,0.372007114,0.322656842,0.305336044
27,59,0.398532366,0.338246384,0.263221251
27,60,0.429652287,0.343962105,0.226385608
27,61,0.438462429,0.339312152,0.22222542
27,62,0.450255815,0.328778039,0.220966147
27,63,0.443037773,0.317114473,0.239847754
27,64,0.429519964,0.30168408,0.268795956
27,65,0.425708314,0.284631063,0.289660623
27,66,0.407182827,0.275633833,0.31718334
27,67,0.387488201,0.277047885,0.335463914
27,68,0.393381252,0.285423226,0.321195522
27,69,0.374815418,0.305636338,0.319548244
27,70,0.329973445,0.329274227,0.340752328
27,71,0.264676001,0.34994646,0.385377539
28,45,0.161046311,0.240486066,0.598467623
28,46,0.215957733,0.239440183,0.544602085
28,47,0.234987559,0.238517248,0.526495193
28,48,0.237535741,0.236475443,0.525988816
28,49,0.231965945,0.237170367,0.530863688
28,50,0.229056938,0.242996324,0.527946738
28,51,0.257346372,0.248986183,0.493667445
28,52,0.277609658,0.255610534,0.466779808
28,53,0.282965318,0.26443176,0.452602923
28,54,0.292614434,0.274850198,0.432535368
28,55,0.312941207,0.287649653,0.39940914
28,56,0.333325782,0.30040478,0.366269438
28,57,0.358227607,0.315274411,0.326497983
28,58,0.35178382,0.336288712,0.311927468
28,59,0.416555887,0.33515537,0.248288743
28,60,0.42189425,0.349255169,0.228850582
28,61,0.433315704,0.34707272,0.219611576
28,62,0.436130418,0.34168827,0.222181313
28,63,0.442509067,0.320186375,0.237304558
28,64,0.436824477,0.299839557,0.263335966
28,65,0.421460145,0.280793238,0.297746617
28,66,0.394270373,0.270066775,0.335662853
28,67,0.372613454,0.272229484,0.355157062
28,68,0.391778211,0.282168424,0.326053365
28,69,0.367075636,0.309623324,0.32330104
28,70,0.334224558,0.334503846,0.331271596
28,71,0.274599888,0.357635945,0.367764167
29,46,0.221005524,0.244231866,0.53476261
29,47,0.242671581,0.240996853,0.516331566
29,48,0.245972089,0.240086813,0.513941098
29,49,0.217197572,0.242447069,0.540355359
29,50,0.236391337,0.248055281,0.515553382
29,51,0.250956124,0.253811197,0.495232679
29,52,0.278051364,0.259847433,0.462101203
29,53,0.275486014,0.268716559,0.455797427
29,54,0.30079373,0.277532477,0.421673793
29,55,0.306999659,0.291156764,0.401843578
29,56,0.345409603,0.299341391,0.355249007
29,57,0.382940475,0.309695217,0.307364309
29,58,0.379770806,0.33029129,0.289937905
29,59,0.40977382,0.337567491,0.252658689
29,60,0.415052055,0.351677869,0.233270077
29,61,0.425229401,0.352451125,0.222319474
29,62,0.439414364,0.340833808,0.219751828
29,63,0.431802635,0.325725983,0.242471382
29,64,0.426965922,0.303351006,0.269683072
29,65,0.41783971,0.277534357,0.304625933
29,66,0.385473846,0.263057498,0.351468657
29,67,0.363945896,0.268786967,0.367267137
29,68,0.380708337,0.283453182,0.335838481
29,69,0.33671151,0.316848289,0.346440201
29,70,0.325546737,0.337530905,0.336922359
29,71,0.290650778,0.35803434,0.351314882
